0.0 0.5000
0.01 0.5000
0.02 0.5000
0.03 0.5000
0.04 0.5000
0.05 0.5000
0.06 0.5000
0.07 0.5000
0.08 0.5000
0.09 0.5000
0.1 0.5000
0.11 0.5000
0.12 0.5000
0.13 0.5000
0.14 0.5000
0.15 0.5000
0.16 0.5000
0.17 0.5000
0.18 0.5000
0.19 0.5000
0.2 0.5000
0.21 0.5000
0.22 0.5000
0.23 0.5000
0.24 0.5000
0.25 0.5000
0.26 0.5000
0.27 0.5000
0.28 0.5001
0.29 0.5001
0.3 0.5002
0.31 0.5003
0.32 0.5005
0.33 0.5007
0.34 0.5016
0.35000000000000003 0.5025
0.36 0.5036
0.37 0.5057
0.38 0.5078
0.39 0.5111
0.4 0.5156
0.41000000000000003 0.5220
0.42 0.5294
0.43 0.5401
0.44 0.5524
0.45 0.5659
0.46 0.5824
0.47000000000000003 0.6020
0.48 0.6226
0.49 0.6438
0.5 0.6690
0.51 0.6952
0.52 0.7217
0.53 0.7476
0.54 0.7744
0.55 0.8025
0.56 0.8280
0.5700000000000001 0.8510
0.58 0.8726
0.59 0.8923
0.6 0.9102
0.61 0.9261
0.62 0.9389
0.63 0.9509
0.64 0.9605
0.65 0.9689
0.66 0.9758
0.67 0.9814
0.68 0.9851
0.6900000000000001 0.9883
0.7000000000000001 0.9905
0.71 0.9920
0.72 0.9930
0.73 0.9930
0.74 0.9926
0.75 0.9912
0.76 0.9890
0.77 0.9867
0.78 0.9837
0.79 0.9799
0.8 0.9755
0.81 0.9694
0.8200000000000001 0.9625
0.8300000000000001 0.9541
0.84 0.9433
0.85 0.9300
0.86 0.9137
0.87 0.8938
0.88 0.8692
0.89 0.8396
0.9 0.8048
0.91 0.7639
0.92 0.7166
0.93 0.6679
0.9400000000000001 0.6203
0.9500000000000001 0.5795
0.96 0.5451
0.97 0.5200
0.98 0.5061
0.99 0.5015
