0.0 0.5000
0.01 0.5000
0.02 0.5000
0.03 0.5000
0.04 0.5000
0.05 0.5000
0.06 0.5000
0.07 0.5000
0.08 0.5000
0.09 0.5000
0.1 0.5000
0.11 0.5000
0.12 0.5000
0.13 0.5000
0.14 0.5000
0.15 0.5000
0.16 0.5000
0.17 0.5000
0.18 0.5000
0.19 0.5000
0.2 0.5000
0.21 0.5000
0.22 0.5000
0.23 0.5000
0.24 0.5000
0.25 0.5000
0.26 0.5000
0.27 0.5000
0.28 0.5000
0.29 0.5000
0.3 0.5000
0.31 0.5001
0.32 0.5002
0.33 0.5003
0.34 0.5003
0.35000000000000003 0.5007
0.36 0.5012
0.37 0.5021
0.38 0.5038
0.39 0.5061
0.4 0.5092
0.41000000000000003 0.5138
0.42 0.5204
0.43 0.5290
0.44 0.5407
0.45 0.5556
0.46 0.5738
0.47000000000000003 0.5944
0.48 0.6199
0.49 0.6491
0.5 0.6788
0.51 0.7117
0.52 0.7437
0.53 0.7754
0.54 0.8055
0.55 0.8336
0.56 0.8593
0.5700000000000001 0.8836
0.58 0.9050
0.59 0.9232
0.6 0.9380
0.61 0.9502
0.62 0.9609
0.63 0.9701
0.64 0.9764
0.65 0.9814
0.66 0.9856
0.67 0.9886
0.68 0.9911
0.6900000000000001 0.9930
0.7000000000000001 0.9940
0.71 0.9943
0.72 0.9942
0.73 0.9940
0.74 0.9930
0.75 0.9914
0.76 0.9899
0.77 0.9876
0.78 0.9839
0.79 0.9796
0.8 0.9751
0.81 0.9687
0.8200000000000001 0.9605
0.8300000000000001 0.9510
0.84 0.9386
0.85 0.9235
0.86 0.9047
0.87 0.8833
0.88 0.8580
0.89 0.8272
0.9 0.7883
0.91 0.7454
0.92 0.6993
0.93 0.6516
0.9400000000000001 0.6069
0.9500000000000001 0.5671
0.96 0.5383
0.97 0.5165
0.98 0.5050
0.99 0.5013
